crystal:
  h: -0.3217e+6

beam:
  dgrid: 100.0e-6
  ncar: 100
  w0: 40.0e-6
  Eph: 9831.88
  npadx: 1000

cavity_conf:
  short_arm: 0.65
  long_arm: 32.100436588
  focal_length:  16.375218294

screens:
  x11:  16.000028294                  # the distance from the center of the undulator
  #x12:  16.050028294
  x10: 16.144218294
  x21:  16.650028294000002
  #x22:  16.750218294
  x23:  18.534196294
  x24:  34.677886294000004
  x31:  48.750465293999994
  #x32:  48.850654882
  x41:  49.400654882
  x42:  49.556554469999995

